10 0 360 200 440
11 0 112 200 192
115 0 28 200 108
116 0 96 200 176
117 0 240 200 320
118 0 316 200 396
119 0 340 200 420
12 0 84 200 164
120 0 80 200 160
121 0 120 200 200
122 0 208 200 288
123 0 268 200 348
124 0 392 200 472
125 0 408 200 488
126 0 356 200 436
127 0 284 200 364
128 0 44 200 124
129 0 416 200 496
13 0 448 200 528
130 0 372 200 452
131 0 164 200 244
132 0 388 200 468
132 0 548 200 628
133 0 360 200 440
133 0 504 200 584
134 0 48 200 128
135 0 216 200 296
135 0 376 200 456
136 0 360 200 440
136 0 208 200 288
137 0 48 200 128
138 0 172 200 252
138 0 16 200 96
139 0 180 200 260
139 0 16 200 96
14 0 484 200 564
140 0 84 200 164
141 0 144 200 224
142 0 268 200 348
143 0 344 200 424
144 0 416 200 496
145 0 268 200 348
146 0 268 200 348
147 0 264 200 344
148 0 292 200 372
149 0 324 200 404
150 0 120 200 200
151 0 200 200 280
152 0 224 200 304
153 0 264 200 344
154 0 340 200 420
155 0 88 200 168
16 0 4 200 84
16 0 60 200 140
163 0 276 200 356
163 0 52 200 132
164 0 300 200 380
164 0 60 200 140
165 0 96 200 176
166 0 92 200 172
167 0 176 200 256
168 0 212 200 292
169 0 408 200 488
170 0 628 200 708
171 0 64 200 144
172 0 84 200 164
173 0 100 200 180
174 0 168 200 248
175 0 460 200 540
176 0 132 200 212
177 0 224 200 304
178 0 344 200 424
178 0 32 200 112
179 0 36 200 116
179 0 352 200 432
18 0 28 200 108
180 0 180 200 260
181 0 92 200 172
182 0 480 200 560
182 0 176 200 256
183 0 496 200 576
183 0 180 200 260
184 0 364 200 444
185 0 456 200 536
186 0 500 200 580
187 0 324 200 404
188 0 156 200 236
189 0 96 200 176
190 0 188 200 268
191 0 616 200 696
191 0 268 200 348
192 0 280 200 360
193 0 404 200 484
194 0 272 200 352
195 0 224 200 304
196 0 328 200 408
197 0 480 200 560
198 0 492 200 572
199 0 428 200 508
20 0 440 200 520
200 0 384 200 464
201 0 208 200 288
202 0 148 200 228
203 0 88 200 168
204 0 124 200 204
205 0 276 200 356
206 0 452 200 532
207 0 176 200 256
208 0 24 200 104
209 0 92 200 172
21 0 576 200 656
210 0 132 200 212
211 0 220 200 300
212 0 364 200 444
213 0 132 200 212
214 0 116 200 196
215 0 68 200 148
216 0 428 200 508
217 0 364 200 444
218 0 276 200 356
219 0 64 200 144
22 0 40 200 120
220 0 44 200 124
221 0 168 200 248
222 0 356 200 436
223 0 456 200 536
224 0 84 200 164
225 0 196 200 276
226 0 192 200 272
227 0 224 200 304
228 0 328 200 408
229 0 440 200 520
23 0 144 200 224
230 0 548 200 628
231 0 496 200 576
232 0 440 200 520
233 0 388 200 468
234 0 280 200 360
235 0 172 200 252
236 0 56 200 136
237 0 8 200 88
238 0 36 200 116
239 0 116 200 196
24 0 148 200 228
240 0 256 200 336
241 0 376 200 456
242 0 408 200 488
243 0 480 200 560
244 0 236 200 316
25 0 164 200 244
26 0 272 200 352
27 0 220 200 300
28 0 212 200 292
29 0 44 200 124
30 0 104 200 184
31 0 276 200 356
32 0 92 200 172
33 0 264 200 344
34 0 132 200 212
35 0 348 200 428
36 0 120 200 200
37 0 92 200 172
38 0 408 200 488
39 0 196 200 276
40 0 340 200 420
41 0 36 200 116
42 0 68 200 148
43 0 220 200 300
44 0 76 200 156
45 0 204 200 284
46 0 184 200 264
47 0 248 200 328
48 0 268 200 348
49 0 328 200 408
5 0 708 200 788
50 0 356 200 436
51 0 420 200 500
52 0 252 200 332
53 0 240 200 320
54 0 124 200 204
55 0 272 200 352
56 0 216 200 296
57 0 232 200 312
58 0 284 200 364
59 0 312 200 392
6 0 576 200 656
60 0 376 200 456
61 0 504 200 584
62 0 428 200 508
63 0 132 200 212
64 0 148 200 228
65 0 340 200 420
66 0 316 200 396
67 0 80 200 160
68 0 384 200 464
69 0 344 200 424
7 0 524 200 604
70 0 320 200 400
8 0 668 200 748
9 0 600 200 680
